%YAML:1.0
---
camera_matrix: !!opencv-matrix
   rows: 3
   cols: 3
   dt: d
   data: [ 1.3887822821828120e+03, 0., 1.0012860332649070e+03, 0.,
       1.3887822821828120e+03, 5.3799905297696739e+02, 0., 0., 1. ]
distortion_coefficients: !!opencv-matrix
   rows: 1
   cols: 5
   dt: d
   data: [ 5.9534097567914238e-02, 1.0129652123754654e-01,
       -4.5067037578530710e-03, 5.6364204337987422e-03,
       -4.8566817992520973e-02 ]
reprojection_error: 1.1676890697477966e+00
rotations:
   - !!opencv-matrix
      rows: 3
      cols: 1
      dt: d
      data: [ 2.9853968990191784e+00, -1.7505830663612129e-01,
          1.0120230458100372e-01 ]
   - !!opencv-matrix
      rows: 3
      cols: 1
      dt: d
      data: [ -3.1737106744758345e+00, 2.1527195634371030e-01,
          3.1439090312419822e-02 ]
   - !!opencv-matrix
      rows: 3
      cols: 1
      dt: d
      data: [ 2.2660449112110483e+00, 1.9496104647167134e+00,
          -1.6446598467407289e-01 ]
   - !!opencv-matrix
      rows: 3
      cols: 1
      dt: d
      data: [ 2.2444238755402681e+00, -2.0497319050844456e+00,
          -1.6142482342129155e-01 ]
   - !!opencv-matrix
      rows: 3
      cols: 1
      dt: d
      data: [ 2.4037639226979310e+00, -2.1120477602907292e-01,
          -2.1608700457443356e-02 ]
translations:
   - !!opencv-matrix
      rows: 3
      cols: 1
      dt: d
      data: [ -7.4272162652844127e+00, -2.5902892068739942e+00,
          2.0885649213272462e+01 ]
   - !!opencv-matrix
      rows: 3
      cols: 1
      dt: d
      data: [ -1.7517363268652641e+01, 2.2926684293350422e-01,
          2.9064678481697744e+01 ]
   - !!opencv-matrix
      rows: 3
      cols: 1
      dt: d
      data: [ 6.7723235895824008e+00, -2.2214614756847140e+00,
          2.6450491648704528e+01 ]
   - !!opencv-matrix
      rows: 3
      cols: 1
      dt: d
      data: [ -1.1036877212992926e+00, 4.6641520939067771e+00,
          1.7833317531090852e+01 ]
   - !!opencv-matrix
      rows: 3
      cols: 1
      dt: d
      data: [ -2.0145838553536546e+00, -1.3438524275000263e-01,
          1.9076759096455174e+01 ]
